" 0 0 0 0 0 (other)
ทักษิณ 0 0 0 0 0 (per)
" 0 0 0 0 0 (other)
ขอ 0 0 0 0 1 (other)
โอกาส 0 0 0 0 1 (other)
ให้ 0 0 0 0 1 (other)
" 0 0 0 0 0 (other)
พล.ต.ท. 1 0 0 0 1 (other)
เสรี 0 0 0 0 1 (per)
" 0 0 0 0 0 (other)
ทาง 0 0 0 0 1 (other)
ด้าน 0 0 0 0 1 (other)
ความ 0 0 0 0 1 (other)
คืบหน้า 0 0 0 0 1 (other)
กรณี 0 0 0 0 1 (other)
ที่ 0 0 0 0 1 (other)
นาย 1 0 0 0 1 (other)
จรัล 0 0 0 0 0 (per_start)
บูรณพันธุ์ศรี 0 0 0 0 0 (per_end)
กรรมการ 0 0 0 0 1 (other)
การ 0 1 0 0 1 (other)
เลือกตั้ง 0 0 0 0 1 (other)
( 0 0 0 0 0 (other)
กกต. 0 0 0 0 0 (org)
) 0 0 0 0 1 (other)
ฝ่าย 0 0 0 0 1 (other)
สืบสวน 0 0 0 0 1 (other)
สอบสวน 0 0 0 0 1 (other)
และ 0 0 0 0 1 (other)
วินิจฉัย 0 0 0 0 1 (other)
จะ 0 0 0 0 1 (other)
มี 0 0 0 0 1 (other)
การ 0 1 0 0 1 (other)
แต่งตั้ง 0 0 0 0 1 (other)
พล.ต.ท. 1 0 0 0 1 (other)
เสรี 0 0 0 0 1 (per_start)
เตมียเวส 0 0 0 0 0 (per_end)
ผู้ช่วย 0 0 0 0 1 (other)
ผบ.ตร. 0 0 0 0 0 (other)
ซึ่ง 0 0 0 0 1 (other)
เป็น 0 0 0 0 1 (other)
บุคคล 0 0 0 0 1 (other)
ที่ 0 0 0 0 1 (other)
มี 0 0 0 0 1 (other)
ความ 0 0 0 0 1 (other)
สนิทสนม 0 0 0 0 1 (other)
กับ 0 0 0 0 1 (other)
พล.ต. 1 0 0 0 1 (other)
สนั่น 0 0 0 0 1 (per_start)
ขจรประศาสน์ 0 0 0 0 0 (per_end)
อดีต 0 0 0 0 1 (other)
เลขาธิการ 0 0 0 0 1 (other)
พรรค 0 1 0 0 1 (other)
ประชาธิปัตย์ 0 0 0 0 0 (org)
เป็น 0 0 0 0 1 (other)
ที่ปรึกษา 0 0 0 0 1 (other)
กกต. 0 0 0 0 0 (org)
ฝ่าย 0 0 0 0 1 (other)
สืบสวน 0 0 0 0 1 (other)
สอบสวน 0 0 0 0 1 (other)
พ.ต.ท. 1 0 0 0 1 (other)
ทักษิณ 0 0 0 0 0 (per_start)
ชินวัตร 0 0 0 0 0 (per_end)
นายกรัฐมนตรี 1 0 0 0 1 (other)
ใน 0 0 0 0 1 (other)
ฐานะ 0 0 0 0 1 (other)
หัวหน้า 0 0 0 0 1 (other)
พรรค 0 1 0 0 1 (other)
ไทยรักไทย 0 0 0 0 0 (org)
กล่าว 0 0 0 0 1 (other)
เมื่อ 0 0 0 0 1 (other)
วันที่ 0 0 0 0 1 (other)
7 0 0 0 0 0 (other)
พ.ย. 0 0 0 0 1 (other)
ที่ผ่านมา 0 0 0 0 0 (other)
ว่า 0 0 0 0 1 (other)
ไม่ 0 0 0 0 1 (other)
น่า 0 0 0 0 1 (other)
มี 0 0 0 0 1 (other)
เป็น 0 0 0 0 1 (other)
เรื่อง 0 0 0 0 1 (other)
ความ 0 0 0 0 1 (other)
เป็นกลาง 0 0 0 0 1 (other)
เรา 0 0 0 0 1 (other)
ควร 0 0 0 0 1 (other)
ให้ 0 0 0 0 1 (other)
โอกาส 0 0 0 0 1 (other)
พล.ต.ท. 1 0 0 0 1 (other)
ยิ่งยศ 0 0 0 0 0 (per)
ทำงาน 0 0 0 0 1 (other)
ถ้า 0 0 0 0 1 (other)
กกต. 0 0 0 0 0 (org)
ประกาศ 0 0 0 0 1 (other)
ใบแดง 0 0 0 0 1 (other)
ออก 0 0 0 0 1 (other)
มา 0 0 0 0 1 (other)
แล้ว 0 0 0 0 1 (other)
จะ 0 0 0 0 1 (other)
มี 0 0 0 0 1 (other)
พรรค 0 1 0 0 1 (other)
ไทยรักไทย 0 0 0 0 0 (org)
มาก 0 0 0 0 1 (other)
จน 0 0 0 0 1 (other)
ทำให้ 0 0 0 0 1 (other)
เสียง 0 0 0 0 1 (other)
ลดลง 0 0 0 0 0 (other)
พ.ต.ท. 1 0 0 0 1 (other)
ทักษิณ 0 0 0 0 0 (per)
ตอบ 0 0 0 0 1 (other)
ว่า 0 0 0 0 1 (other)
ไม่ 0 0 0 0 1 (other)
มี 0 0 0 0 1 (other)
ปัญหา 0 0 0 0 1 (other)
อะไร 0 0 0 0 1 (other)
เลย 0 0 0 0 1 (other)
เสียง 0 0 0 0 1 (other)
ของ 0 0 0 0 1 (other)
ผู้แทนราษฎร 0 0 0 0 1 (other)
คือ 0 0 0 0 1 (other)
เสียง 0 0 0 0 1 (other)
ตัวแทน 0 0 0 0 1 (other)
ประชาชน 0 0 0 0 1 (other)
ผู้สื่อข่าว 0 0 0 0 1 (other)
รายงาน 0 0 0 0 1 (other)
ด้วย 0 0 0 0 1 (other)
ว่า 0 0 0 0 1 (other)
เมื่อ 0 0 0 0 1 (other)
เวลา 0 0 0 0 1 (other)
15.30 0 0 0 0 0 (other)
น. 0 0 0 0 1 (other)
วัน 0 0 0 0 1 (other)
เดียวกัน 0 0 0 0 1 (other)
ร.ต.อ. 1 0 0 0 1 (other)
ปุระชัย 0 0 0 0 0 (per_start)
เปี่ยมสมบูรณ์ 0 0 0 0 0 (per_end)
รมว. 0 0 0 0 1 (other)
มหาดไทย 0 0 0 0 1 (org)
ได้ 0 0 0 0 1 (other)
เดินทาง 0 0 0 0 1 (other)
มา 0 0 0 0 1 (other)
เข้า 0 0 0 0 1 (other)
พบ 0 0 0 0 1 (other)
นายกรัฐมนตรี 1 0 0 0 1 (other)
ที่ 0 0 0 0 1 (other)
ห้อง 0 0 0 0 1 (other)
ทำงาน 0 0 0 0 1 (other)
บน 0 0 0 0 1 (other)
ตึก 0 0 0 0 1 (other)
ไทยคู่ฟ้า 0 0 0 0 0 (other)
โดย 0 0 0 0 1 (other)
ไม่ 0 0 0 0 1 (other)
ยอม 0 0 0 0 1 (other)
บอก 0 0 0 0 1 (other)
ผู้สื่อข่าว 0 0 0 0 1 (other)
ว่า 0 0 0 0 1 (other)
มา 0 0 0 0 1 (other)
พบ 0 0 0 0 1 (other)
นายก 1 0 0 0 1 (other)
ฯ 0 0 0 0 0 (other)
เรื่อง 0 0 0 0 1 (other)
อะไร 0 0 0 0 1 (other)
เพียง 0 0 0 0 1 (other)
แต่ 0 0 0 0 1 (other)
เปิด 0 0 0 0 1 (other)
แฟ้ม 0 0 0 0 1 (other)
เอกสาร 0 0 0 0 1 (other)
ที่ 0 0 0 0 1 (other)
ถือ 0 0 0 0 1 (other)
มา 0 0 0 0 1 (other)
ให้ 0 0 0 0 1 (other)
ผู้สื่อข่าว 0 0 0 0 1 (other)
ดู 0 0 0 0 1 (other)
ว่า 0 0 0 0 1 (other)
มี 0 0 0 0 1 (other)
แฟ้ม 0 0 0 0 1 (other)
เกี่ยวกับ 0 0 0 0 1 (other)
พล.ต.ท. 1 0 0 0 1 (other)
เสรี 0 0 0 0 1 (per_start)
เตมียเวส 0 0 0 0 0 (per_end)
นาย 1 0 0 0 1 (other)
ชวน 0 0 0 0 1 (per_start)
หลีกภัย 0 0 0 0 0 (per_end)
ผู้นำ 0 0 0 0 1 (other)
ฝ่าย 0 0 0 0 1 (other)
ค้าน 0 0 0 0 1 (other)
และ 0 0 0 0 1 (other)
หัวหน้า 0 0 0 0 1 (other)
พรรค 0 1 0 0 1 (other)
ประชาธิปัตย์ 0 0 0 0 0 (org)
กล่าว 0 0 0 0 1 (other)
ว่า 0 0 0 0 1 (other)
คิดว่า 0 0 0 0 0 (other)
พล.ต.ท. 1 0 0 0 1 (other)
วิรัช 0 0 0 0 0 (per)
เป็น 0 0 0 0 1 (other)
คนดี 0 0 0 0 0 (other)
ตรงไปตรงมา 0 0 0 0 1 (other)
ท่าน 1 0 0 0 1 (other)
จะ 0 0 0 0 1 (other)
ไป 0 0 0 0 1 (other)
ช่วย 0 0 0 0 1 (other)
คน 0 0 0 0 1 (other)
ใน 0 0 0 0 1 (other)
พรรค 0 1 0 0 1 (other)
ประชาธิปัตย์ 0 0 0 0 0 (org)
นาย 1 0 0 0 1 (other)
คำนวณ 0 0 0 0 1 (per_start)
ชโลปถัมภ์ 0 0 0 0 0 (per_end)
ส.ว. 0 0 0 0 1 (other)
สิงห์บุรี 0 0 0 0 0 (other)
ประธาน 0 0 0 0 1 (other)
คณะ 0 1 0 0 1 (other)
กรรมาธิการ 0 0 0 0 1 (org_start)
การ 0 1 0 0 1 (org_cont)
ยุติธรรม 0 0 0 0 1 (org_cont)
และ 0 0 0 0 1 (org_cont)
สิทธิ 0 0 0 0 1 (org_cont)
มนุษยชน 0 0 0 0 0 (org_end)
วุฒิสภา 0 0 0 0 1 (other)
กล่าว 0 0 0 0 1 (other)
ว่า 0 0 0 0 1 (other)
ขอ 0 0 0 0 1 (other)
พูด 0 0 0 0 1 (other)
ตรงไปตรงมา 0 0 0 0 1 (other)
ว่า 0 0 0 0 1 (other)
ประชาชน 0 0 0 0 1 (other)
มอง 0 0 0 0 1 (other)
ว่า 0 0 0 0 1 (other)
พล.ต.ท. 1 0 0 0 1 (other)
เสรี 0 0 0 0 1 (per)
อาจ 0 0 0 0 1 (other)
ไม่ 0 0 0 0 1 (other)
เป็นกลาง 0 0 0 0 1 (other)
ทาง 0 0 0 0 1 (other)
การเมือง 0 0 0 0 1 (other)
หาก 0 0 0 0 1 (other)
พล.ต.ท. 1 0 0 0 1 (other)
เสรี 0 0 0 0 1 (per)
ทำงาน 0 0 0 0 1 (other)
ใน 0 0 0 0 1 (other)
กรอบ 0 0 0 0 1 (other)
กติกา 0 0 0 0 1 (other)
ไม่ 0 0 0 0 1 (other)
ออก 0 0 0 0 1 (other)
มา 0 0 0 0 1 (other)
ให้ 0 0 0 0 1 (other)
สัมภาษณ์ 0 0 0 0 1 (other)
แทน 0 0 0 0 1 (other)
กกต. 0 0 0 0 0 (org)
นาย 1 0 0 0 1 (other)
เอกภพ 0 0 0 0 1 (per_start)
สุวรรณภานนท์ 0 0 0 0 0 (per_end)
ส.ว. 0 0 0 0 1 (other)
กทม. 0 0 0 0 0 (other)
กล่าว 0 0 0 0 1 (other)
ว่า 0 0 0 0 1 (other)
พล.ต.ท. 1 0 0 0 1 (other)
จำรัส 0 0 0 0 1 (per)
ไม่ 0 0 0 0 1 (other)
เหมาะสม 0 0 0 0 1 (other)
กับ 0 0 0 0 1 (other)
ตำแหน่ง 0 0 0 0 1 (other)
ดังกล่าว 0 0 0 0 1 (other)
เนื่องจาก 0 0 0 0 1 (other)
ที่ 0 0 0 0 1 (other)
ผ่านมา 0 0 0 0 1 (other)
พล.ต.ท. 1 0 0 0 1 (other)
เสรีภาพ 0 0 0 0 1 (per)
มี 0 0 0 0 1 (other)
ปัญหา 0 0 0 0 1 (other)
ใน 0 0 0 0 1 (other)
เรื่อง 0 0 0 0 1 (other)
การ 0 1 0 0 1 (other)
ทำงาน 0 0 0 0 1 (other)
การ 0 1 0 0 1 (other)
ตั้ง 0 0 0 0 1 (other)
คน 0 0 0 0 1 (other)
มา 0 0 0 0 1 (other)
ทำงาน 0 0 0 0 1 (other)
ของ 0 0 0 0 1 (other)
กกต. 0 0 0 0 0 (org)
จะ 0 0 0 0 1 (other)
ต้อง 0 0 0 0 1 (other)
เลือก 0 0 0 0 1 (other)
คน 0 0 0 0 1 (other)
ที่ 0 0 0 0 1 (other)
เป็นกลาง 0 0 0 0 1 (other)
จริงๆ 0 0 0 0 1 (other)
การ 0 1 0 0 1 (other)
ตั้ง 0 0 0 0 1 (other)
พล.ต.ท. 1 0 0 0 1 (other)
เสรี 0 0 0 0 1 (per)
ใน 0 0 0 0 1 (other)
ครั้งนี้ 0 0 0 0 1 (other)
มอง 0 0 0 0 1 (other)
ดู 0 0 0 0 1 (other)
แล้ว 0 0 0 0 1 (other)
จะ 0 0 0 0 1 (other)
ถูก 0 0 0 0 1 (other)
ครหา 0 0 0 0 1 (other)
ได้ 0 0 0 0 1 (other)
ง่าย 0 0 0 0 1 (other)
เผย 0 0 0 0 1 (other)
ภารกิจ 0 0 0 0 1 (other)
นายก 1 0 0 0 1 (other)
ฯ 0 0 0 0 0 (other)
เยือน 0 0 0 0 1 (other)
สหรัฐ 0 0 0 0 0 (other)
ฯ 0 0 0 0 0 (other)
พ.ต.ท. 1 0 0 0 1 (other)
ทักษิณ 0 0 0 0 0 (per_start)
ชินวัตร 0 0 0 0 0 (per_end)
นายกรัฐมนตรี 1 0 0 0 1 (other)
เปิดเผย 0 0 0 0 1 (other)
เมื่อ 0 0 0 0 1 (other)
วันที่ 0 0 0 0 1 (other)
11 0 0 0 0 0 (other)
ธ.ค. 0 0 0 0 1 (other)
ที่ 0 0 0 0 1 (other)
ผ่านมา 0 0 0 0 1 (other)
ถึง 0 0 0 0 1 (other)
การ 0 1 0 0 1 (other)
เดินทาง 0 0 0 0 1 (other)
ไป 0 0 0 0 1 (other)
เยือน 0 0 0 0 1 (other)
สหรัฐอเมริกา 0 0 0 0 0 (other)
ระหว่าง 0 0 0 0 1 (other)
วันที่ 0 0 0 0 1 (other)
12 0 0 0 0 0 (other)
- 0 0 0 0 1 (other)
19 0 0 0 0 0 (other)
ธ.ค. 0 0 0 0 1 (other)
นี้ 0 0 0 0 1 (other)
ว่า 0 0 0 0 1 (other)
การ 0 1 0 0 1 (other)
เดินทาง 0 0 0 0 1 (other)
ไป 0 0 0 0 1 (other)
ครั้งนี้ 0 0 0 0 1 (other)
เพื่อ 0 0 0 0 1 (other)
กระชับ 0 0 0 0 1 (other)
ความ 0 0 0 0 1 (other)
สัมพันธ์ 0 0 0 0 1 (other)
ระหว่าง 0 0 0 0 1 (other)
ประเทศ 0 0 0 0 1 (other)
ไทย 0 0 0 0 1 (other)
กับ 0 0 0 0 1 (other)
สหรัฐ 0 0 0 0 0 (other)
ฯ 0 0 0 0 0 (other)
ซึ่ง 0 0 0 0 1 (other)
ระยะ 0 0 0 0 1 (other)
หลัง 0 0 0 0 1 (other)
การ 0 1 0 0 1 (other)
ร่วมมือ 0 0 0 0 1 (other)
ทาง 0 0 0 0 1 (other)
เศรษฐกิจ 0 0 0 0 1 (other)
ยัง 0 0 0 0 1 (other)
ไม่ 0 0 0 0 1 (other)
ค่อย 0 0 0 0 1 (other)
เข้มแข็ง 0 0 0 0 1 (other)
ดี 0 0 0 0 1 (other)
จึง 0 0 0 0 1 (other)
ถือ 0 0 0 0 1 (other)
โอกาส 0 0 0 0 1 (other)
ไป 0 0 0 0 1 (other)
พูด 0 0 0 0 1 (other)
คุย 0 0 0 0 1 (other)
กัน 0 0 0 0 1 (other)
ใน 0 0 0 0 1 (other)
เรื่อง 0 0 0 0 1 (other)
ความ 0 0 0 0 1 (other)
ร่วมมือ 0 0 0 0 1 (other)
กัน 0 0 0 0 1 (other)
ด้าน 0 0 0 0 1 (other)
ความ 0 0 0 0 1 (other)
มั่นคง 0 0 0 0 1 (other)
และ 0 0 0 0 1 (other)
ทา 0 0 0 0 1 (other)
งเศรษฐกิจ 0 0 0 0 0 (other)
พร้อม 0 0 0 0 1 (other)
ๆ 0 0 0 0 1 (other)
กัน 0 0 0 0 1 (other)
โดย 0 0 0 0 1 (other)
จะ 0 0 0 0 1 (other)
พบ 0 0 0 0 1 (other)
กับ 0 0 0 0 1 (other)
หลาย 0 0 0 0 1 (other)
ฝ่าย 0 0 0 0 1 (other)
ทั้ง 0 0 0 0 1 (other)
ประธานาธิบดี 0 0 0 0 1 (other)
สหรัฐ 0 0 0 0 0 (other)
ฯ 0 0 0 0 0 (other)
รอง 0 0 0 0 1 (other)
ประธานาธิบดี 0 0 0 0 1 (other)
รมว. 0 0 0 0 1 (other)
ต่างประเทศ 0 0 0 0 0 (org)
รมว. 0 0 0 0 1 (other)
กลาโหม 0 0 0 0 0 (org)
ที่ปรึกษา 0 0 0 0 1 (other)
ด้าน 0 0 0 0 1 (other)
ความ 0 0 0 0 1 (other)
มั่นคง 0 0 0 0 1 (other)
รวมทั้ง 0 0 0 0 1 (other)
บรรด 0 0 0 0 0 (other)
าแกนนำ 0 0 0 0 0 (other)
ใน 0 0 0 0 1 (other)
สภา 0 1 0 0 1 (other)
ฯ 0 0 0 0 0 (other)
ของ 0 0 0 0 1 (other)
สหรัฐ 0 0 0 0 0 (other)
ฯ 0 0 0 0 0 (other)
นัก 0 0 0 0 1 (other)
ธุรกิจ 0 0 0 0 1 (other)
ที่ 0 0 0 0 1 (other)
มี 0 0 0 0 1 (other)
ธุรกิจ 0 0 0 0 1 (other)
ขนาด 0 0 0 0 1 (other)
ใหญ่ 0 0 0 0 1 (other)
ใน 0 0 0 0 1 (other)
ไทย 0 0 0 0 1 (other)
คน 0 0 0 0 1 (other)
ไทย 0 0 0 0 1 (other)
ใน 0 0 0 0 1 (other)
นิวยอร์ก 0 0 0 0 0 (other)
และ 0 0 0 0 1 (other)
เยี่ยม 0 0 0 0 1 (other)
ตลาดหลักทรัพย์ 0 1 0 0 1 (other)
ใน 0 0 0 0 1 (other)
นิวยอร์ก 0 0 0 0 0 (other)
และ 0 0 0 0 1 (other)
เดินทาง 0 0 0 0 1 (other)
ไป 0 0 0 0 1 (other)
ดู 0 0 0 0 1 (other)
สถานที่ 0 0 0 0 1 (other)
เกิด 0 0 0 0 1 (other)
เหตุการณ์ 0 0 0 0 1 (other)
ก่อการร้าย 0 0 0 0 0 (other)
ที่ 0 0 0 0 1 (other)
เพนตากอน 0 0 0 0 0 (other)
และ 0 0 0 0 1 (other)
อาคาร 0 0 0 0 1 (other)
เวิลด์เทรด 0 0 0 0 0 (other)
ด้วย 0 0 0 0 1 (other)
โดย 0 0 0 0 1 (other)
ใน 0 0 0 0 1 (other)
ครั้งนี้ 0 0 0 0 1 (other)
จะ 0 0 0 0 1 (other)
มี 0 0 0 0 1 (other)
การ 0 1 0 0 1 (other)
ลงนาม 0 0 0 0 1 (other)
ใน 0 0 0 0 1 (other)
บันทึก 0 0 0 0 1 (other)
ข้อตกลง 0 0 0 0 1 (other)
กับ 0 0 0 0 1 (other)
บริษัท 0 1 0 0 1 (other)
เซเลบัส 0 0 0 0 0 (org)
ที่ 0 0 0 0 1 (other)
มี 0 0 0 0 1 (other)
อดีต 0 0 0 0 1 (other)
ประธานาธิบดี 0 0 0 0 1 (other)
สหรัฐ 0 0 0 0 0 (other)
ฯ 0 0 0 0 0 (other)
เป็น 0 0 0 0 1 (other)
ประธาน 0 0 0 0 1 (other)
ร่วม 0 0 0 0 1 (other)
กับ 0 0 0 0 1 (other)
กองทุน 0 1 0 0 1 (other)
ตลาด 0 0 0 0 1 (org_start)
ร่วมทุน 0 0 0 0 0 (org_end)
ของ 0 0 0 0 1 (other)
ไทย 0 0 0 0 1 (other)
โดย 0 0 0 0 1 (other)
สหรัฐ 0 0 0 0 0 (other)
ฯ 0 0 0 0 0 (other)
จะ 0 0 0 0 1 (other)
มา 0 0 0 0 1 (other)
ร่วม 0 0 0 0 1 (other)
ลงทุน 0 0 0 0 1 (other)
400 0 0 0 0 0 (other)
ล้าน 0 0 0 0 1 (other)
เหรียญ 0 0 0 0 1 (other)
ฯ 0 0 0 0 0 (other)
ใน 0 0 0 0 1 (other)
ขณะ 0 0 0 0 1 (other)
ที่ 0 0 0 0 1 (other)
ไทย 0 0 0 0 1 (other)
ลงทุน 0 0 0 0 1 (other)
100 0 0 0 0 0 (other)
ล้าน 0 0 0 0 1 (other)
เหรียญ 0 0 0 0 1 (other)
ฯ 0 0 0 0 0 (other)
ซึ่ง 0 0 0 0 1 (other)
เป็น 0 0 0 0 1 (other)
การ 0 1 0 0 1 (other)
ลงทุน 0 0 0 0 1 (other)
ใน 0 0 0 0 1 (other)
ตลาดหลักทรัพย์ 0 1 0 0 1 (other)
ของ 0 0 0 0 1 (other)
ไทย 0 0 0 0 1 (other)
ด้าน 0 0 0 0 1 (other)
บริษัท 0 1 0 0 1 (other)
ที่ 0 0 0 0 1 (other)
ปรับ 0 0 0 0 1 (other)
โครงสร้าง 0 0 0 0 1 (other)
หนี้ 0 0 0 0 1 (other)
จาก 0 0 0 0 1 (other)
ทีเอเอ็มซี 0 0 0 0 0 (org)
นำ 0 0 0 0 1 (other)
ไป 0 0 0 0 1 (other)
สู่ 0 0 0 0 1 (other)
การ 0 1 0 0 1 (other)
ขยาย 0 0 0 0 1 (other)
เครือข่าย 0 0 0 0 1 (other)
ตลาด 0 0 0 0 1 (other)
ใน 0 0 0 0 1 (other)
สหรัฐ 0 0 0 0 0 (other)
ฯ 0 0 0 0 0 (other)
ผู้ 0 0 0 0 1 (other)
สื่อข่าว 0 0 0 0 0 (other)
รายงาน 0 0 0 0 1 (other)
จาก 0 0 0 0 1 (other)
บริษัท 0 1 0 0 1 (other)
ท่าอากาศยาน 0 1 0 0 1 (org_start)
สากล 0 0 0 0 1 (org_cont)
กรุงเทพ 0 0 0 0 0 (org_cont)
แห่ง 0 0 0 0 1 (org_cont)
ใหม่ 0 0 0 0 1 (org_end)
( 0 0 0 0 0 (other)
บทม. 0 0 0 0 0 (org)
) 0 0 0 0 1 (other)
วานนี้ 0 0 0 0 1 (other)
( 0 0 0 0 0 (other)
9 0 0 0 0 0 (other)
ต.ค. 0 0 0 0 1 (other)
) 0 0 0 0 1 (other)
ว่า 0 0 0 0 1 (other)
ได้ 0 0 0 0 1 (other)
มี 0 0 0 0 1 (other)
การ 0 1 0 0 1 (other)
เปิด 0 0 0 0 1 (other)
ซอง 0 0 0 0 1 (other)
ประกวด 0 0 0 0 1 (other)
ราคา 0 0 0 0 1 (other)
ก่อสร้าง 0 0 0 0 1 (other)
อาคาร 0 0 0 0 1 (other)
ผู้โดยสาร 0 0 0 0 0 (other)
และ 0 0 0 0 1 (other)
อาคาร 0 0 0 0 1 (other)
สะพาน 0 0 0 0 1 (other)
เทียบ 0 0 0 0 1 (other)
เครื่องบิน 0 0 0 0 1 (other)
สนามบิน 0 0 0 0 1 (other)
สุวรรณภูมิ 0 0 0 0 0 (org)
โดย 0 0 0 0 1 (other)
มี 0 0 0 0 1 (other)
นาย 1 0 0 0 1 (other)
ประชา 0 0 0 0 1 (per_start)
มาลีนนท์ 0 0 0 0 0 (per_end)
รมช. 0 0 0 0 1 (other)
คมนาคม 0 0 0 0 1 (org)
พล.อ. 1 0 0 0 1 (other)
มงคล 0 0 0 0 1 (per_start)
อัมพรพิสิฏฐ์ 0 0 0 0 0 (per_end)
ประธาน 0 0 0 0 1 (other)
บอร์ด 0 0 0 0 1 (other)
บทม. 0 0 0 0 0 (org)
และ 0 0 0 0 1 (other)
นาย 1 0 0 0 1 (other)
ศรีสุข 0 0 0 0 0 (per_start)
จันทรางศุ 0 0 0 0 0 (per_end)
ปลัด 0 0 0 0 1 (other)
กระทรวง 0 1 0 0 1 (other)
คมนาคม 0 0 0 0 1 (org)
ใน 0 0 0 0 1 (other)
ฐานะ 0 0 0 0 1 (other)
รักษาการ 0 0 0 0 1 (other)
กรรมการ 0 0 0 0 1 (other)
ผู้จัดการใหญ่ 0 0 0 0 1 (other)
บทม. 0 0 0 0 0 (org)
ร่วม 0 0 0 0 1 (other)
เป็น 0 0 0 0 1 (other)
สักขีพยาน 0 0 0 0 0 (other)
ซึ่ง 0 0 0 0 1 (other)
ผล 0 0 0 0 1 (other)
การ 0 1 0 0 1 (other)
เปิด 0 0 0 0 1 (other)
ซอง 0 0 0 0 1 (other)
ราคา 0 0 0 0 1 (other)
4 0 0 0 0 0 (other)
กลุ่ม 0 1 0 0 1 (other)
ผู้ 0 0 0 0 1 (other)
รับเหมา 0 0 0 0 1 (other)
ที่ 0 0 0 0 1 (other)
เข้า 0 0 0 0 1 (other)
ยื่น 0 0 0 0 1 (other)
ราคา 0 0 0 0 1 (other)
นั้น 0 0 0 0 1 (other)
ปรากฏ 0 0 0 0 1 (other)
ว่า 0 0 0 0 1 (other)
กลุ่ม 0 1 0 0 1 (other)
บริษัท 0 1 0 0 1 (other)
อิตาเลียนไทย 0 0 0 0 0 (org_start)
  0 0 0 0 0 (org_cont)
เดเวลลอปเม้นท์ 0 0 0 0 0 (org_end)
จำกัด 0 0 0 0 1 (other)
(มหาชน) 0 0 0 0 1 (other)
เป็น 0 0 0 0 1 (other)
ผู้ 0 0 0 0 1 (other)
เสนอ 0 0 0 0 1 (other)
ราคา 0 0 0 0 1 (other)
ต่ำ 0 0 0 0 1 (other)
สุด 0 0 0 0 1 (other)
ทั้ง 0 0 0 0 1 (other)
งาน 0 0 0 0 1 (other)
อาคาร 0 0 0 0 1 (other)
ที่พัก 0 0 0 0 1 (other)
ผู้ 0 0 0 0 1 (other)
โดยสาร 0 0 0 0 1 (other)
ที่ 0 0 0 0 1 (other)
15,085,842,127.68 0 0 0 0 0 (other)
บาท 0 0 0 0 1 (other)
และ 0 0 0 0 1 (other)
งาน 0 0 0 0 1 (other)
อาคาร 0 0 0 0 1 (other)
สะพาน 0 0 0 0 1 (other)
เทียบ 0 0 0 0 1 (other)
เครื่องบิน 0 0 0 0 1 (other)
ราคา 0 0 0 0 1 (other)
ที่ 0 0 0 0 1 (other)
21,580,894,320.32 0 0 0 0 0 (other)
บาท 0 0 0 0 1 (other)
ขณะ 0 0 0 0 1 (other)
ที่ 0 0 0 0 1 (other)
กลุ่ม 0 1 0 0 1 (other)
ผู้ 0 0 0 0 1 (other)
รับเหมา 0 0 0 0 1 (other)
ราย 0 0 0 0 1 (other)
อื่นๆ 0 0 0 0 1 (other)
มี 0 0 0 0 1 (other)
การ 0 1 0 0 1 (other)
เสนอ 0 0 0 0 1 (other)
ราคา 0 0 0 0 1 (other)
เข้า 0 0 0 0 1 (other)
มา 0 0 0 0 1 (other)
เกิน 0 0 0 0 1 (other)
40,000 0 0 0 0 0 (other)
ล้าน 0 0 0 0 1 (other)
บาท 0 0 0 0 1 (other)
ทั้งสิ้น 0 0 0 0 1 (other)
นาย 1 0 0 0 1 (other)
ประชา 0 0 0 0 1 (per_start)
มาลีนนท์ 0 0 0 0 0 (per_end)
รมช. 0 0 0 0 1 (other)
คมนาคม 0 0 0 0 1 (org)
กล่าว 0 0 0 0 1 (other)
ว่า 0 0 0 0 1 (other)
รู้สึก 0 0 0 0 1 (other)
พอใจ 0 0 0 0 1 (other)
ใน 0 0 0 0 1 (other)
ผล 0 0 0 0 1 (other)
ประกวด 0 0 0 0 1 (other)
ราคา 0 0 0 0 1 (other)
ที่ 0 0 0 0 1 (other)
ได้ 0 0 0 0 1 (other)
หลังจากนี้ 0 0 0 0 1 (other)
ตาม 0 0 0 0 1 (other)
ขั้นตอน 0 0 0 0 1 (other)
ก็ 0 0 0 0 1 (other)
จะ 0 0 0 0 1 (other)
เสนอ 0 0 0 0 1 (other)
ให้ 0 0 0 0 1 (other)
เจบิก 0 0 0 0 0 (org)
พิจารณา 0 0 0 0 1 (other)
และ 0 0 0 0 1 (other)
มั่นใจ 0 0 0 0 1 (other)
ว่า 0 0 0 0 1 (other)
เจบิก 0 0 0 0 0 (org)
จะ 0 0 0 0 1 (other)
ไม่ 0 0 0 0 1 (other)
มี 0 0 0 0 1 (other)
ปัญหา 0 0 0 0 1 (other)
ใน 0 0 0 0 1 (other)
เรื่อง 0 0 0 0 1 (other)
ปล่อย 0 0 0 0 1 (other)
กู้ 0 0 0 0 1 (other)
นาย 1 0 0 0 1 (other)
ศรีสุข 0 0 0 0 0 (per_start)
จันทรางศุ 0 0 0 0 0 (per_end)
ปลัด 0 0 0 0 1 (other)
กระทรวง 0 1 0 0 1 (other)
คมนาคม 0 0 0 0 1 (org)
ใน 0 0 0 0 1 (other)
ฐานะ 0 0 0 0 1 (other)
รักษาการ 0 0 0 0 1 (other)
กรรมการ 0 0 0 0 1 (other)
ผู้จัดการใหญ่ 0 0 0 0 1 (other)
บทม. 0 0 0 0 0 (org)
กล่าว 0 0 0 0 1 (other)
ว่า 0 0 0 0 1 (other)
หลังจากนี้ 0 0 0 0 1 (other)
คณะ 0 1 0 0 1 (other)
กรรมการ 0 0 0 0 1 (other)
พิจารณา 0 0 0 0 1 (other)
ผล 0 0 0 0 1 (other)
การ 0 1 0 0 1 (other)
ประกวด 0 0 0 0 1 (other)
ราคา 0 0 0 0 1 (other)
ที่ 0 0 0 0 1 (other)
มี 0 0 0 0 1 (other)
นาย 1 0 0 0 1 (other)
เพิ่มศักดิ์ 0 0 0 0 0 (per_start)
พัฒนพงษ์ 0 0 0 0 0 (per_end)
ผู้ช่วย 0 0 0 0 1 (other)
กรรมการ 0 0 0 0 1 (other)
ผู้จัดการใหญ่ 0 0 0 0 1 (other)
บทม. 0 0 0 0 0 (org)
เป็น 0 0 0 0 1 (other)
ประธาน 0 0 0 0 1 (other)
จะ 0 0 0 0 1 (other)
เรียก 0 0 0 0 1 (other)
กลุ่ม 0 1 0 0 1 (other)
บริษัท 0 1 0 0 1 (other)
อิตาเลียนไทย 0 0 0 0 0 (org)
มา 0 0 0 0 1 (other)
ชี้แจง 0 0 0 0 1 (other)
รายละเอียด 0 0 0 0 1 (other)
ก่อน 0 0 0 0 1 (other)
สรุป 0 0 0 0 1 (other)
รายละเอียด 0 0 0 0 1 (other)
เพื่อ 0 0 0 0 1 (other)
เสนอ 0 0 0 0 1 (other)
ให้ 0 0 0 0 1 (other)
เจบิก 0 0 0 0 0 (org)
รับทราบ 0 0 0 0 1 (other)
ผล 0 0 0 0 1 (other)
ดำเนินงาน 0 0 0 0 1 (other)
ภายใน 0 0 0 0 1 (other)
วัน 0 0 0 0 1 (other)
ศุกร์ 0 0 0 0 1 (other)
ที่ 0 0 0 0 1 (other)
12 0 0 0 0 0 (other)
ต.ค. 0 0 0 0 1 (other)
และ 0 0 0 0 1 (other)
คาด 0 0 0 0 1 (other)
ว่า 0 0 0 0 1 (other)
จะ 0 0 0 0 1 (other)
สามารถ 0 0 0 0 1 (other)
เซ็น 0 0 0 0 1 (other)
สัญญา 0 0 0 0 1 (other)
กับ 0 0 0 0 1 (other)
กลุ่ม 0 1 0 0 1 (other)
ผู้ 0 0 0 0 1 (other)
รับเหมา 0 0 0 0 1 (other)
ได้ 0 0 0 0 1 (other)
ภายใน 0 0 0 0 1 (other)
30 0 0 0 0 0 (other)
พ.ย. 0 0 0 0 1 (other)
นี้ 0 0 0 0 1 (other)
ส่วน 0 0 0 0 1 (other)
กรณี 0 0 0 0 1 (other)
ที่ 0 0 0 0 1 (other)
ว่า 0 0 0 0 1 (other)
กลุ่ม 0 1 0 0 1 (other)
บริษัท 0 1 0 0 1 (other)
อิตาเลียนไทย 0 0 0 0 0 (org)
เป็น 0 0 0 0 1 (other)
ผู้ 0 0 0 0 1 (other)
ได้ 0 0 0 0 1 (other)
งาน 0 0 0 0 1 (other)
ทั้ง 0 0 0 0 1 (other)
3 0 0 0 0 0 (other)
ส่วน 0 0 0 0 1 (other)
งาน 0 0 0 0 1 (other)
คือ 0 0 0 0 1 (other)
งาน 0 0 0 0 1 (other)
ปรับปรุง 0 0 0 0 1 (other)
คุณภาพ 0 0 0 0 1 (other)
ดิน 0 0 0 0 1 (other)
( 0 0 0 0 0 (other)
ถม 0 0 0 0 1 (other)
ทราย 0 0 0 0 1 (other)
) 0 0 0 0 1 (other)
, 0 0 0 0 1 (other)
งาน 0 0 0 0 1 (other)
ก่อสร้าง 0 0 0 0 1 (other)
อาคาร 0 0 0 0 1 (other)
ผู้ 0 0 0 0 1 (other)
โดยสาร 0 0 0 0 1 (other)
, 0 0 0 0 1 (other)
งาน 0 0 0 0 1 (other)
ก่อสร้าง 0 0 0 0 1 (other)
สะพาน 0 0 0 0 1 (other)
เทียบ 0 0 0 0 1 (other)
เครื่องบิน 0 0 0 0 1 (other)
